{
  "advancedEditorSelectedIdentifier" : "ProjectBrowser",
  "openSceneRelativePaths" : [
    "Sphere_Yellow.usda"
  ],
  "recentIdentifiers" : {
    "0E3B7692-21C5-4136-AF22-361221484D1B" : [

    ],
    "815E594D-4F21-432E-9216-4695CD8D1C3D" : [

    ],
    "A6DB69E9-0556-4482-901D-945488E25DD8" : [

    ]
  },
  "sceneCameraHistory" : {
    "0E3B7692-21C5-4136-AF22-361221484D1B" : [
      {
        "date" : 711330668.63739896,
        "title" : "Untitled",
        "transform" : [
          1,
          0,
          -0,
          0,
          -0,
          0.86602544784545898,
          -0.49999988079071045,
          0,
          0,
          0.49999988079071045,
          0.86602544784545898,
          0,
          0,
          0.27138695120811462,
          0.47025606036186218,
          1
        ]
      }
    ],
    "3FF57C8B-5F69-4839-BA33-5CD3FE99400A" : [
      {
        "date" : 711330543.30695999,
        "title" : "Untitled",
        "transform" : [
          1,
          0,
          -0,
          0,
          -0,
          0.86602550745010376,
          -0.49999985098838806,
          0,
          0,
          0.49999985098838806,
          0.86602550745010376,
          0,
          0,
          0.27093479037284851,
          0.46927285194396973,
          1
        ]
      }
    ],
    "26DBAE76-5DD8-47B6-A085-1B4ADA111097" : [
      {
        "date" : 711286371.88394701,
        "title" : "Untitled",
        "transform" : [
          0.19803646206855774,
          4.0888004093631025e-10,
          -0.98019462823867798,
          0,
          -0.50555825233459473,
          0.85672515630722046,
          -0.10214190185070038,
          0,
          0.83975744247436523,
          0.51577317714691162,
          0.16966281831264496,
          0,
          1.0369350910186768,
          0.56134551763534546,
          0.11492238193750381,
          1
        ]
      },
      {
        "date" : 711286370.30118799,
        "title" : "Untitled",
        "transform" : [
          0.19803646206855774,
          4.0888004093631025e-10,
          -0.98019462823867798,
          0,
          -0.50555825233459473,
          0.85672515630722046,
          -0.10214190185070038,
          0,
          0.83975744247436523,
          0.51577317714691162,
          0.16966281831264496,
          0,
          1.4733490943908691,
          0.79759854078292847,
          0.16312132775783539,
          1
        ]
      }
    ],
    "88BC5064-63B6-447F-8F99-1391C62E503E" : [
      {
        "date" : 711330794.46582496,
        "title" : "Untitled",
        "transform" : [
          1,
          0,
          -0,
          0,
          -0,
          0.86602550745010376,
          -0.49999985098838806,
          0,
          0,
          0.49999985098838806,
          0.86602550745010376,
          0,
          0,
          0.27093479037284851,
          0.46927285194396973,
          1
        ]
      }
    ],
    "815E594D-4F21-432E-9216-4695CD8D1C3D" : [
      {
        "date" : 711330785.93891203,
        "title" : "Untitled",
        "transform" : [
          1,
          0,
          -0,
          0,
          -0,
          0.86602544784545898,
          -0.49999988079071045,
          0,
          0,
          0.49999988079071045,
          0.86602544784545898,
          0,
          0,
          0.27138695120811462,
          0.47025606036186218,
          1
        ]
      }
    ],
    "6264FC17-CD7B-4FF2-8286-2DC4B8E5685F" : [
      {
        "date" : 711330806.85037696,
        "title" : "Untitled",
        "transform" : [
          1,
          0,
          -0,
          0,
          -0,
          0.86602550745010376,
          -0.49999985098838806,
          0,
          0,
          0.49999985098838806,
          0.86602550745010376,
          0,
          0,
          0.27093479037284851,
          0.46927285194396973,
          1
        ]
      }
    ],
    "A6DB69E9-0556-4482-901D-945488E25DD8" : [
      {
        "date" : 711330845.69417,
        "title" : "Untitled",
        "transform" : [
          1,
          0,
          -0,
          0,
          -0,
          0.86602544784545898,
          -0.49999988079071045,
          0,
          0,
          0.49999988079071045,
          0.86602544784545898,
          0,
          0,
          0.27138695120811462,
          0.47025606036186218,
          1
        ]
      }
    ],
    "DA54D9AF-98DC-4B0A-8547-0D0BD5A7BAFB" : [
      {
        "date" : 711295207.11600602,
        "title" : "Untitled",
        "transform" : [
          0.99997860193252563,
          0,
          0.0065459734760224819,
          0,
          0.00327298603951931,
          0.86602544784545898,
          -0.49998918175697327,
          0,
          -0.0056689796037971973,
          0.49999988079071045,
          0.86600691080093384,
          0,
          0.041409268975257874,
          1.3413867950439453,
          2.4377760887145996,
          1
        ]
      },
      {
        "date" : 711295193.94857705,
        "title" : "Untitled",
        "transform" : [
          1,
          0,
          0,
          0,
          0,
          0.86602544784545898,
          -0.49999988079071045,
          0,
          0,
          0.49999988079071045,
          0.86602544784545898,
          0,
          0.020436137914657593,
          0.27812913060188293,
          0.46636348962783813,
          1
        ]
      },
      {
        "date" : 711295184.32898796,
        "title" : "Untitled",
        "transform" : [
          1,
          0,
          0,
          0,
          0,
          0.86602544784545898,
          -0.49999988079071045,
          0,
          0,
          0.49999988079071045,
          0.86602544784545898,
          0,
          0,
          0.27138695120811462,
          0.47025606036186218,
          1
        ]
      }
    ],
    "DC4DC8D8-BDCB-4396-8B46-DE2459C53050" : [
      {
        "date" : 711295224.26696503,
        "title" : "Untitled",
        "transform" : [
          1,
          0,
          0,
          0,
          0,
          0.86602544784545898,
          -0.49999988079071045,
          0,
          0,
          0.49999988079071045,
          0.86602544784545898,
          0,
          0,
          0.27138695120811462,
          0.47025606036186218,
          1
        ]
      }
    ]
  },
  "selectedSceneRelativePath" : "Sphere_Yellow.usda"
}